a=15;
b=145;
c=a+b*10;
